14.134725141734695
21.022039638771556
25.010857580145689
30.424876125859512
32.935061587739192
37.586178158825675
40.918719012147498
43.327073280915002
48.005150881167161
49.773832477672300
52.970321477714464
56.446247697063392
59.347044002602352
60.831778524609810
65.112544048081602
67.079810529494168
69.546401711173985
72.067157674481905
75.704690699083926
77.144840068874799
79.337375020249368
82.910380854086029
84.735492980517051
87.425274613125225
88.809111207634459
92.491899270558491
94.651344040519888
95.870634228245308
98.831194218193687
101.317851005731384
103.725538040478341
105.446623052326089
107.168611184276401
111.029535543169672
111.874659176992637
114.320220915452708
116.226680320857554
118.790782865976212
121.370125002420650
122.946829293552582
124.256818554345770
127.516683879596499
129.578704199956064
131.087688530932667
133.497737202997598
134.756509753373876
138.116042054533438
139.736208952121387
141.123707404021133
143.111845807620625
146.000982486765508
147.422765342559615
150.053520420784878
150.925257612241467
153.024693811198887
156.112909294237880
157.597591817594065
158.849988171420506
161.188964137596031
163.030709687181997
165.537069187900414
167.184439978174510
169.094515415568821
169.911976479411692
173.411536519591550
174.754191523365733
176.441434297710430
178.377407776099972
179.916484020257002
182.207078484366463
184.874467848387496
185.598783677707473
187.228922583501856
189.416158656016933
192.026656360713787
193.079726603845700
195.265396679529232
196.876481840958320
198.015309676251917
201.264751943703800
202.493594514140540
204.189671803104545
205.394697202163286
207.906258887806217
209.576509716856265
211.690862595365303
213.347919359712677
214.547044783491430
216.169538508263713
219.067596349021386
220.714918839314009
221.430705554693333
224.007000254604321
224.983324669582288
227.421444279679292
229.337413305525359
231.250188700499166
231.987235253180245
233.693404178908310
236.524229665816193
237.769820480925205
239.555477573327636
241.049157796216576
242.823271934222589
244.070898497078161
247.136990074897511
248.101990060148466
249.573689644707201
251.014947795016013
253.069986747999479
255.306256454914035
256.380713694434462
258.610439491531395
259.874406989677993
260.805084504596891
263.573893904870147
265.557851838876331
266.614973781501078
267.921915082824057
269.970449023997617
271.494055641644991
273.459609188403306
275.587492649343858
276.452049503132912
278.250743529841941
279.229250927745170
282.465114765052078
283.211185733233890
284.835963980904751
286.667445363002912
287.911920501422173
289.579854929218811
291.846291329067412
293.558434139356280
294.965369619265516
295.573254878958267
297.979277061943435
299.840326053721299
301.649325462194156
302.696749589606895
304.864371340857303
305.728912602036814
307.219496128170078
310.109463146701898
311.165141530355982
312.427801180600909
313.985285731158910
315.475616089475750
317.734805942370201
318.853104256316612
321.160134309113573
322.144558672482958
323.466969557512073
324.862866051739616
327.443901261905467
329.033071680480930
329.953239728233882
331.474467582663408
333.645378524869841
334.211354833244400
336.841850428390671
338.339992850806595
339.858216725363548
341.042261111046571
342.054877510363610
344.661702940252326
346.347870566009931
347.272677584420478
349.316260870696169
350.408419349192116
351.878649025359266
353.488900488718798
356.017574977264928
357.151302252039613
357.952685101632255
359.743754953114433
361.289361695804644
363.331330578973848
364.736024114088991
366.212710288331323
367.993575481740322
368.968438095734371
370.050919212106010
373.061928372112845
373.864873910908557
375.825912766739350
376.324092230668043
378.436680249965491
379.872975346532371
381.484468617186508
383.443529449536470
384.956116814863663
385.861300845974256
387.222890222388003
388.846128354232235
391.456083563638060
392.245083339519113
393.427743844434019
395.582870010993702
396.381854222592210
397.918736209614224
399.985119876194915
401.839228600533204
402.861917763886140
404.236441800208013
405.134387459909931
407.581460386896197
408.947245502351109
410.513869193366645
411.972267804278772
413.262736070185042
415.018809755155132
415.455214996294615
418.387705789534778
419.861364818152310
420.643827625041808
422.076710058826734
423.716579627481792
425.069882494461353
427.208825084074590
428.127914076616662
430.328745430938625
431.301306930703618
432.138641734588589
433.889218480927241
436.161006432646957
437.581698167668605
438.621738656272214
439.918442214370657
441.683199201189041
442.904546302609447
444.319336277559159
446.860622696429516
447.441704194493298
449.148545685023294
450.126945780313520
451.403308445388802
453.986737806677922
454.974683768616785
456.328426689246044
457.903893064102988
459.513415281106006
460.087944422175838
462.065367274882533
464.057286910548271
465.671539211371112
466.570286930826228
467.439046210261665
469.536004559112030
470.773655478101659
472.799174661908808
473.835232345139673
475.600339369375774
476.769015237484496
478.075263766670957
478.942181534634813
481.830339376286588
482.834782790982388
483.851427212482520
485.539148129356022
486.528718261651250
488.380567090017450
489.661761577956156
491.398821593663001
493.314441581785275
493.957997805369473
495.358828822131272
496.429696215759122
498.580782429686565
500.309084941690514
501.604446965145485
502.276270327118254
504.499773313427738
505.415231742244430
506.464152709523546
508.800700336467798
510.264227943672836
511.562289700374606
512.623144531407434
513.668985555473682
515.435057167299419
517.589668572467417
518.234223147550097
520.106310411723257
521.525193449492008
522.456696177730237
523.960530892015868
525.077385687279616
527.903641601272398
528.406213852292694
529.806226318706877
530.866917883961037
532.688183028293679
533.779630753768743
535.664314075873222
537.069759083122335
538.428526176247942
540.213166376228173
540.631390247295144
541.847437121201324
544.323890101005304
545.636833248934863
547.010912058122244
547.931613364489294
549.497567562661402
550.970010039483896
552.049572200564853
553.764972119158870
555.792020561682534
556.899476406855342
557.564659172058555
559.316237028682167
560.240807497295691
562.559207616045796
564.160879110786141
564.506055938149871
566.698787682807961
567.731757901176934
568.923955179629388
570.051114782463628
572.419984132452782
573.614610526758156
575.093886014494842
575.807247140928780
577.039003472098216
579.098834672036560
580.136959362384573
581.946576265901626
583.236088219167300
584.561705903465509
585.984563204988262
586.742771891250186
588.139663266247908
590.660397516765329
591.725858065048101
592.571358300225597
593.974714682231024
595.728153697388962
596.362768328393713
598.493077346164796
599.545640364364885
601.602136735932618
602.579167886387381
603.625618903579152
604.616218493753195
606.383460422109010
608.413217311187282
609.389575154720092
610.839162937739388
611.774209620887177
613.599778675637140
614.646237872232632
615.538563369407029
618.112831366442379
619.184482597953661
620.272893672227497
621.709294527948600
622.375002739779006
624.269900018177850
626.019283427654386
627.268396850783006
628.325862359460416
630.473887438292081
630.805780927197588
632.225141167115908
633.546858252251809
635.523800310605452
637.397193159837343
637.925513980822529
638.927938266856813
640.694794668825693
641.945499665705256
643.278883781397894
644.990578229748053
646.348191595501589
647.761753004288835
648.786400888782396
650.197519345256410
650.668683891395972
653.649571605394726
654.301920586319397
655.709463022355635
656.964084599460648
658.175614418605392
659.663845972964054
660.716732595279268
662.296586431100422
664.244604652272983
665.342763095599025
666.515147704172932
667.148494894555483
668.975848820235115
670.323585205862628
672.458183584169774
673.043578286147635
674.355897810123224
676.139674363626796
677.230180668763978
677.800444746221388
679.742197882528217
681.894991533151938
682.602735019750526
684.013549813869531
684.972629862098415
686.163223587727998
687.961543184703601
689.368941362272381
690.474735032350395
692.451684415520845
693.176970060601775
694.533908699873109
695.726335920926772
696.626069900345669
699.132095476013546
700.296739132143443
701.301742954646102
702.227343145760528
704.033839295525354
705.125813954619275
706.184654799517944
708.269070885109954
709.229588570284250
711.130274179685443
711.900289914375321
712.749383470101293
714.082771820669450
716.112396454052146
717.482569703100239
718.742786545485842
719.697100988365719
721.351162218536388
722.277504975674219
723.845821045128446
724.562613890379112
727.056403230049341
728.405481588934094
728.758749795614222
730.416482122756406
731.417354918598562
732.818052714499800
734.789643252378028
735.765459208578363
737.052928912265315
738.580421171373814
739.909523674041907
740.573807447295053
741.757335572941656
743.895013142473658
745.344989550611899
746.499305899432329
747.674563624269581
748.242754465084545
750.655950362124258
750.966381066650797
752.887621567202359
754.322370471712702
755.839308976037842
756.768248439950980
758.101729246412560
758.900238224892405
760.282366983512020
762.700033249691046
763.593066172837212
764.307522724180217
766.087540099836247
767.218472155539530
768.281461806509242
769.693407252624411
771.070839313678334
772.961617565757024
774.117744627940510
775.047847096580540
775.999711963171421
777.299748529592534
779.157076949188991
780.348925004181638
782.137664390812120
782.597943946073542
784.288822612465538
785.739089700714999
786.461147450506246
787.468463815910013
790.059092364119579
790.831620467921084
792.427707608604578
792.888652562622610
794.483791869893139
795.606596156162368
797.263470038035621
798.707570166296250
799.654336210897668
801.604246462982019
802.541984878418134
803.243096204270159
804.762239112661746
805.861635667094788
808.151814935993798
809.197783363300687
810.081804886407099
811.184358846506257
812.771108389109372
814.045913607511011
814.870539625872539
816.727737714394721
818.380668866361702
819.204642170823831
820.721898443869236
821.713454133379400
822.197757493404310
824.526293871629719
826.039287376574407
826.905810954080721
828.340174300489934
829.437010968309323
830.895884053317445
831.799777659070628
833.003640909154228
834.651915147825548
836.693576187591816
837.347335059531474
838.249021992732196
839.465394810282419
841.036389829013387
842.041354206526421
844.166196607350798
844.805993975763727
846.194769927693983
847.971717639512008
848.489281180943522
849.862274348697838
850.645448466004041
853.163112583389193
854.095511719869023
855.286710244404958
856.484117490791618
857.310740602603801
858.904026466475671
860.410670896014722
861.171098212715378
863.189719771908926
864.340823930069519
865.594664326515954
866.423739904042691
867.693122611785043
868.670494229131577
870.846902325754058
872.188750821613212
873.098978971282008
873.908389235337495
875.985285108780317
876.600825833027443
877.654698341033509
879.380951969790999
880.834648847939434
882.386696627196443
883.430331838701591
884.198743114594777
885.272304479617105
886.852801962916260
888.475566673817184
889.735294294090750
890.813132112528024
892.386433260155854
893.119117567294211
894.886292320868733
895.397919674782997
896.632251556202732
899.221522668383386
899.858884607937512
900.849739860521368
902.243207586752305
903.099674442630430
904.702902722281351
905.829940758222165
907.656729468967569
908.333543645060900
910.186334057179806
911.234951485955548
912.331045600035623
912.823999246743369
914.730096958375611
916.355000808642785
917.825377570426781
918.836535243529056
919.448344439682273
921.156395507154798
922.500629306636824
923.285719802422250
924.773483933476655
926.551552784603018
927.850858985753575
928.663659328934841
929.874092850647799
931.009211336628027
931.852740745520123
934.385306837258440
934.995424863846438
936.228649379282956
937.532925711970393
939.024300899218360
939.660940614528158
941.156999642042365
942.052341643375485
944.188035809572739
945.333562503045982
946.765842204727846
947.079183096254837
948.346646255045016
950.151612684643851
951.033248733823484
952.727988619850635
954.129719269551401
954.829308938216627
956.675479343289794
957.510052596423748
958.414593390136133
959.459168807068068
961.669572474192705
963.182086671311481
963.567040191612250
965.055579623751100
966.110754818410214
967.371153766262864
968.636301906087283
970.125610556941183
971.071491486385753
973.185361294301174
973.873078992653632
974.774635065837401
976.178502420589666
976.917202117050579
978.766671535113005
980.578000639774473
981.288615301759023
982.396485168779009
983.575076006431345
985.186928655773386
986.130515110184547
986.756008407656054
988.992622370657386
990.223917804028019
991.374294147761475
992.728696336732696
993.214580957442990
994.404590571094445
996.205336164298274
997.511934751939179
998.827547136929638
999.791571557412908
1001.349482637782785
1002.404305488391742
1003.267808179453255
1004.675044121172846
1005.543420304378401
1008.006704307063615
1008.795709900742281
1009.806590746964616
1010.569757011061029
1012.410042515761575
1013.058638098409006
1014.689632622370368
1016.060178942647326
1017.266402364355372
1018.605572518620193
1019.912439743943992
1020.917475017263655
1021.544344499904696
1022.885270911716361
1025.265724197727650
1025.707944371462872
1027.467693515587825
1028.128964255497522
1029.227297443961334
1030.897368790596602
1031.833180297407807
1032.812883035158848
1034.612915529520706
1036.195917358054658
1037.024707646281740
1038.087752240618784
1039.077401436896707
1040.264037937695775
1041.621528014542264
1043.623954349621499
1044.514975829078821
1045.107042352977942
1047.089817484294826
1047.987147489600375
1048.953785194685906
1049.996284256593299
1051.576571843205102
1053.245785158385843
1054.781039478281400
1055.002146475685777
1056.688847363828245
1057.100043659617768
1059.133769106897034
1060.139518561607929
1061.501304465068415
1062.915381507880511
1064.071551071718432
1065.121855106292969
1066.463223469243076
1067.418860120964609
1067.990000079042602
1070.535041996829250
1071.618623215089428
1072.543998011121630
1073.570353165093820
1074.747771044311094
1076.266625594177412
1076.924056065754485
1078.647198480956376
1079.809965429259137
1081.171002343467762
1082.952749723069701
1083.295466514085547
1084.183264310430104
1085.647831208639445
1086.911998989825179
1088.755724674808789
1089.795337924074829
1090.863191026248842
1091.728472966936806
1093.440873272368663
1094.284457523754099
1095.433084758661380
1096.401917794742531
1098.841015466649878
1099.360667178571703
1100.574460622462539
1101.839111168756062
1102.551779899917619
1103.732297174546829
1105.617188830761961
1106.774371675832754
1107.774531955010161
1109.158918856766377
1110.444142993613241
1111.443504764899899
1112.432995408076522
1113.397595114802016
1115.065359461566686
1116.787253881214610
1117.965919669199593
1118.684134861018492
1119.473247426178887
1121.155937675810492
1122.458621356880485
1123.101117387809154
1125.314729397846577
1125.763442429252564
1127.658023527215619
1128.430224613892733
1129.728996777065504
1130.391597896231588
1131.495085561916994
1133.708625669456296
1134.885654591533239
1135.562213975477562
1136.929293480969591
1138.151589779805590
1138.992341820493721
1140.721848171903275
1141.261022964136828
1142.858659607856453
1144.782299518625450
1145.485327517117184
1146.576814924866994
1147.501776523319222
1148.615277208833959
1149.982601028107183
1151.562814723673227
1152.943128530589775
1153.890303716271319
1154.697519535382298
1156.621567833872632
1157.432314575610917
1158.001609027294990
1159.480657019022374
1161.396644634378163
1162.487528602005341
1163.701031682778648
1164.737586351227719
1165.271227706457694
1166.943613409528780
1168.086271610138738
1169.698356884885015
1170.463638578283735
1172.120681865695587
1173.305687764048344
1174.232766856456237
1175.215452395950706
1176.632875809788402
1177.106304421656205
1179.701223501934010
1180.653543787084345
1181.267318151680001
1182.582270346920495
1183.712775295974325
1185.155842847465692
1185.875358695356681
1187.345161493267369
1188.856444298229235
1189.963636497918515
1191.482605926413498
1192.218611478101593
1193.324021427455136
1193.857427135437092
1196.034671748671144
1197.071786658822020
1198.686569104630507
1199.356513707894010
1200.532692031219995
1201.810334856606005
1203.137350861425375
1203.855247594096909
1204.985492171466376
1206.870499793853014
1208.471459949530981
1208.989484167939054
1209.898030087545976
1211.416115892798189
1212.113153066319683
1213.598372680368129
1215.389975065045746
1216.183722033467348
1217.174482497738836
1219.050028177406148
1219.614471310858562
1220.816347690978091
1221.692242483143673
1222.952484095108275
1225.018330024168563
1225.855020760795696
1227.231827641491009
1227.917141614399952
1228.793154362981113
1230.584603154249180
1231.562273877645339
1232.529587040597789
1234.277816653431728
1235.502548526520968
1236.399017465779025
1237.977298513581218
1238.457232795661866
1239.490807146795760
1240.813471785216279
1243.078076398021039
1243.538146526114360
1244.851433966983905
1245.655866188147911
1247.372561969855724
1248.063061053208230
1249.159887953002908
1250.672397275678122
1251.659832004271266
1253.673577852107201
1254.431328421773514
1255.408230645290814
1256.181214198460793
1257.541219412644068
1258.779233488595082
1260.344548316185410
1261.611717161479874
1262.556614000356149
1263.676732843861828
1264.957223006999811
1266.179037760562096
1267.200345611845478
1267.570571779440115
1270.118921886492672
1271.134299631610020
1272.083959599332957
1273.261144633455842
1274.196220889480401
1275.092030315840475
1276.842171555569848
1277.763091986346808
1279.332843316708249
1280.155794409022974
1281.828726959699907
1283.000491386699650
1283.335032138879342
1284.854795154621570
1285.695023331138600
1287.410026617075346
1289.165351532773002
1290.104771519807400
1290.417708073042604
1291.945870968083227
1293.493981557417555
1294.118474377848315
1295.365363505358346
1296.801110992347276
1298.256527067889465
1299.405171250743933
1300.490018982447737
1301.495516680575065
1302.346742379246962
1303.273200228794167
1305.401672188004341
1306.508393312968792
1307.267242107802531
1308.988196517643473
1309.421532493255881
1311.056570511111886
1311.966940608049299
1313.031599369019659
1314.052565651726127
1316.212112602853949
1317.072986034829910
1318.171279132164955
1318.947880596566392
1319.931082877536483
1321.628138551912343
1322.258067123391129
1324.224978718844341
1325.237624358982430
1325.981969630446201
1327.635281108457548
1329.043517996518631
1329.205018785483617
1330.429937120459272
1331.827591385285132
1333.673522610284863
1334.747329051689803
1335.694974526002170
1336.690184653385813
1337.688791809669965
1338.923164598670382
1340.426400457300133
1341.166272252926319
1342.608507883776838
1344.156044003595753
1345.477106261398603
1345.731413255418374
1347.519471750899811
1348.017238018736407
1349.085194014047602
1351.296206374096755
1352.210465159175556
1353.483338358264518
1353.886781971696337
1355.680595320636485
1356.605655709807934
1357.771742828579363
1358.460160399159122
1360.393144762191241
1361.393074713639635
1363.022328603280812
1363.879190797134470
1364.576584896753957
1365.493733551295236
1367.104090970008201
1368.330193307985837
1369.686949077342888
1370.973522767783606
1371.686553552827490
1373.202914562373280
1374.154798658640630
1375.302392344748796
1376.161779993619348
1377.177633642104638
1379.683283028613005
1380.148578441692507
1381.073977149205575
1382.345662978473683
1383.297591007946494
1384.444415847760183
1385.663777011192678
1387.326647663489439
1387.921454127112838
1389.565831798393901
1390.705490286427676
1391.853200443269770
1392.644027788548556
1393.433401740793670
1394.884184675680444
1396.544163123682438
1397.834623321387198
1398.837675201385764
1399.839472941206395
1400.426946297394352
1402.564347250066021
1402.973747640919100
1404.006292170522784
1405.666975059246852
1407.085142776436442
1408.136307496189602
1409.320681079839005
1410.024810725802126
1411.257056815706619
1411.965653461772945
1413.843148788568897
1415.585784795495329
1415.781581303283019
1417.102822933822608
1418.696963852452200
1419.422480945995630
1420.416526323751214
1421.850567187048682
1422.461310987507431
1424.463045669579060
1425.873469244996613
1426.645979682120014
1427.365671109426785
1428.592305875978809
1429.650477276191623
1431.218313672751719
1432.049740893313583
1433.821940737065233
1434.584942168260113
1435.692907383419197
1437.226721623801268
1438.006284841722390
1438.949552746882773
1439.622793078164023
1441.960987504861805
1442.911059580896790
1444.041930706366657
1445.072278459201016
1445.830084779709978
1447.226227099975858
1448.323853515725432
1449.488771280731271
1450.773561858297398
1451.835297999393333
1453.737596757102210
1454.226011260226187
1455.312091239819665
1456.167797608387218
1457.539001668411174
1458.393777368687324
1460.688270535419178
1461.245443345159856
1462.266123265787201
1463.286891190427468
1464.696903297876361
1465.889557614085334
1466.505621107887691
1467.703989586070975
1469.347649878269749
1470.966589127164980
1471.388764527106559
1473.020132324185624
1473.745649185746515
1474.203221565698868
1476.092127038240960
1477.435191147500063
1478.441395973412909
1479.759918706489998
1480.766879017982319
1481.964684209802272
1483.032959958071388
1484.143580881755497
1484.817883231203723
1486.171349027557198
1488.116337976228351
1489.252466946430104
1489.970892204678876
1490.670693814603283
1492.180090544016366
1493.330835421270194
1494.155368613688779
1495.768832978941646
1497.065505571709991
1497.747360933121172
1499.640824746619728
1500.351951516603094
1501.119324922131682
1502.346063292399094
1503.090933126680511
1505.261529654671904
1506.152986138113192
1507.407505163830365
1508.253031029542171
1509.280419363223245
1510.391797446473447
1511.923005459002070
1512.589764705458037
1513.589765539918744
1515.708343586873980
1516.435989718758492
1517.719806254130162
1518.414791487253751
1519.741009493906859
1520.273622220356174
1521.901909065460814
1523.486047149258866
1524.724892160622176
1525.227837233791888
1526.552311910387516
1528.040930429297532
1529.034456728701343
1529.369975365194477
1531.020742970222273
1532.222326939392133
1533.886977913201690
1535.042277471206717
1535.769502395248310
1536.620701824029766
1537.651062167944929
1539.302854855583291
1540.030270139506456
1541.742248762788904
1542.496522922766189
1544.118670054520180
1544.834608227519539
1546.091197786313387
1547.297581121406893
1547.806563801857465
1548.871348178725384
1551.273845326404626
1552.006872837670016
1552.736105329803877
1554.156519109657665
1554.921285164991787
1556.162987497552649
1557.394507017690557
1558.339152852352072
1559.781154390710299
1560.876475777809446
1562.410153180194357
1563.385400958495438
1564.177940460431728
1564.915788262260094
1566.266415601551444
1567.623450717218020
1569.022477804374148
1570.509277866920911
1571.045381485538201
1571.845352088045274
1573.806563330271501
1574.230915429863671
1575.638154952016521
1576.161352363424385
1578.118826945782757
1579.514055067740628
1580.372081625471537
1581.363551773001745
1582.329486944147220
1583.394693435421686
1584.234848066376117
1586.293210750337721
1587.004342107041111
1588.163404028904779
1589.357945949557688
1590.835904321394082
1591.293884373572382
1592.637167039235010
1593.584808188861871
1594.442689655690629
1596.484492409654649
1597.715895944423210
1598.420798549670508
1599.619348950462836
1600.048044903407344
1601.911946228582110
1602.815404793726657
1603.655202996123990
1605.521646646623367
1606.293418126574124
1607.556905211982894
1608.836295305010026
1610.003264190037953
1610.253823162574463
1611.437141269554786
1613.078855451027493
1614.710627852161451
1615.574608718972058
1616.398394841583695
1617.734684840985210
1618.537517831977539
1619.952501261128873
1620.774310821388553
1622.098751698022852
1622.977767699475635
1625.021856657962871
1625.987020163621082
1626.399919311635585
1627.755441276315651
1628.715316856763138
1629.658668954947871
1631.194814551515719
1632.798183570708716
1633.512516889737299
1634.516822662067170
1635.718366326213754
1637.089190173370980
1637.994643586012671
1638.599658304213790
1639.821235729830278
1641.899819008504664
1642.489779822378068
1644.152065959737683
1644.713745774667814
1645.573760362766052
1646.624866593178922
1648.270598222531589
1649.118535409240167
1650.416988983048441
1651.732693341396043
1652.671065899601217
1654.205896759371171
1654.726652393321729
1655.822775676771698
1657.114236399763058
1657.567101179321526
1660.019980337998959
1660.860056833300860
1661.836892884096642
1662.377202549280128
1664.057265418110092
1664.968004486365089
1665.877640414486223
1667.241125051711379
1668.368229327401878
1669.669728452399113
1671.047182433303078
1671.984259333726186
1672.963370830781059
1673.687445333905316
1674.648462097009769
1676.362486323950407
1677.691227141526497
1678.630368091063701
1680.077946716809493
1680.504770112847154
1681.812320174266006
1683.273289260666843
1684.171656837064347
1684.558863252537321
1686.421121947838174
1688.080142693176640
1688.933868509784588
1689.703154256179687
1691.051559916892984
1691.515192892035202
1693.053020930197135
1694.017564652607916
1695.832554474187191
1696.654997439785575
1697.342514286563983
1699.229547187642993
1699.966817266863927
1700.820303245006244
1701.825550997047458
1702.923249764490492
1704.291412426679699
1706.256032431560470
1706.615665035026041
1707.912312493324407
1708.512116178403176
1709.780842298580410
1711.137603258592890
1712.155397654322314
1713.055341727513223
1714.717145255494643
1715.825283039820533
1716.769983717395007
1717.974485066158422
1718.954152498583653
1719.724469321831066
1720.498070947586484
1722.844661739915637
1723.532822631259933
1724.733958737658213
1725.638628019973794
1726.605700739885378
1728.166506760965376
1728.644486480372052
1730.023872544779124
1731.014193761857086
1732.430169859256921
1733.840825021429964
1735.175466021101101
1735.624715342870559
1736.305662733238023
1737.893884786928538
1738.783237588816064
1740.169115680140521
1741.779167808727152
1742.467680720782027
1743.426436858721672
1744.721511937699688
1746.097498595632715
1746.595456627128215
1747.781695527752390
1748.563987381080324
1750.822818489839165
1751.617794946251024
1752.511511140666016
1753.661355243139496
1754.763369874252930
1755.169694068142690
1757.046518460723064
1757.984077032818277
1759.240085646681791
1760.215166242762280
1761.854899938728067
1762.497688870660568
1763.719121496287016
1764.591476849092032
1765.400493991783833
1766.676243599477857
1768.295971136341450
1769.940952051635804
1770.243677312197406
1771.212944983546549
1772.328000363591400
1773.894915510703413
1774.660430990023542
1775.341987573747247
1777.255860224058097
1778.041734762249234
1779.552270809178935
1780.665228492998722
1781.355637722819665
1782.439067320020285
1783.084829519946425
1784.607946396612761
1786.342201179342510
1787.049273086816356
1788.215123479632894
1789.242179963684748
1790.449562369783507
1791.254409818795466
1792.616102735198183
1793.525390652409442
1794.178482007255525
1796.465140537430898
1797.376335671136758
1798.147067458075753
1799.231647209737503
1800.024724019739097
1801.309636945288048
1802.301283491450477
1803.796843813365967
1804.904160974811930
1806.289667019497756
1806.578391750963874
1808.714431865474808
1809.119273788287273
1810.108892987985882
1810.873719158854783
1812.420077002105472
1814.024140347615457
1814.973082363495905
1816.338611219674704
1816.758023365350937
1817.710608563342475
1819.260334099488318
1820.187882186811294
1821.305708365203827
1822.427671440302674
1823.766265895773358
1825.213676893013371
1825.915683614928412
1826.795455271492756
1828.211270499973125
1828.621091758031071
1829.832529709939763
1831.936379901815144
1832.984940243731444
1833.273239032730316
1834.721559748608570
1835.883754437692460
1836.827672515957602
1838.086943305644581
1838.640288707650825
1840.195563473357424
1841.478582570643312
1842.875955278667334
1843.771057743069150
1844.759043650095919
1845.417534146424487
1846.353253420516467
1848.330980622383777
1848.722760910890884
1850.601184047651486
1851.400361994589730
1852.342204733386325
1853.519342920989402
1854.855632115986737
1855.592934937055361
1856.389179153523855
1857.498074814880283
1859.495271568794351
1860.541388109336822
1861.379671547232874
1862.121464928944306
1863.425464845096485
1864.353981335746312
1865.367433794057888
1866.836547018608144
1868.085190998609278
1868.706745684408133
1870.421471768310766
1871.416043098407044
1872.441566428192800
1872.865667637967590
1874.508361412660179
1874.913774010039560
1877.095064167339842
1878.022251482753518
1879.153303090461350
1880.082325418994287
1880.611766479656808
1882.321974797384655
1883.408724269518416
1884.005778349667253
1885.198075130258076
1887.053894806890185
1887.808841416832138
1888.938182636579540
1890.348128614244615
1890.612128587933285
1891.678510539728677
1892.867701335791025
1894.558537572429714
1895.697155653584559
1896.585494347168833
1897.513692859711909
1898.829372818679531
1900.006144829143977
1900.571884272414763
1901.891305750600168
1902.805059206679971
1904.089325323351659
1906.102756198181851
1906.597678003766305
1907.332780123909970
1908.433063045051767
1909.465930025982288
1910.733659615891611
1911.704690943172182
1913.182489775883141
1914.352300051674092
1915.054629333347293
1916.606371839519397
1917.344704041566274
1918.786498909856846
1919.207778397805214
1919.937457371217306
1922.101625621993662
1923.280837936417356
1924.055831101440845
1925.231987975406582
1926.211583079894126
1926.820092794871471
1928.417518549519400
1929.487560180576565
1930.258387180387217
1931.760069436524645
1932.875754549946805
1934.416436369151825
1934.907943434365734
1935.924848803745590
1936.873093814278946
1937.968633498019926
1939.050029150544106
1940.977326705859923
1941.822862215780333
1942.633568692246172
1943.367947449252824
1945.153796306367894
1945.922716949483402
1946.609945361877408
1947.917047737703570
1949.030030073606440
1950.743201552863184
1951.536695873054896
1952.850129211865806
1953.448556325135769
1954.418588175214154
1955.315809283718409
1956.848164578215574
1958.314403555120407
1958.851883463194781
1960.418845269381791
1961.359277880014361
1962.233571848579686
1963.621184573202072
1964.357390938095705
1965.377829505103819
1966.117658574074540
1968.471602019420516
1969.047617546527817
1970.305009517033795
1970.855547579946005
1971.970312804811329
1973.182663405938683
1974.347201910120020
1975.080610302266905
1977.173943698039920
1977.271446199746606
1978.801448167731451
1980.371772287051272
1980.910043091024136
1981.748768897263517
1982.663279195276573
1983.923804622260604
1985.416540174526745
1986.757107716415248
1987.873473360724347
1988.251876807355757
1989.702002708021610
1990.478352526426988
1992.001706393527911
1992.784987875157640
1993.577493138260024
1995.168739611888441
1996.796176966188114
1997.390914059611532
1998.279006925984731
1999.545764176267539
2000.434515302432146
2000.929620689184503
2002.896408374361727
2004.139669233270070
2005.077848124098864
2005.900934885785773
2007.125180170301064
2008.418240330262279
2009.176634122949508
2010.153324767559297
2011.020705073650106
2012.538935477421774
2013.872097713990797
2015.186728608706289
2016.029638032375487
2016.800075655845831
2017.386767251961601
2019.264600216064082
2019.884367139755341
2021.196042768892767
2022.545617684688295
2023.572911777100671
2024.488262157951340
2025.878906202481630
2026.738258912152105
2027.573317055997450
2028.582459354039884
2029.385479550966693
2031.750550690618638
2032.420780856286456
2033.017892745669769
2034.554828788956229
2035.077440096304144
2036.527526483370366
2037.217111094340908
2038.841738250867820
2039.443218740104385
2040.839119673138157
2042.344586250604152
2043.217116563323998
2044.121593291667523
2045.037320859814827
2045.802760431561865
2047.098336345607095
2048.454094066160906
2049.847525605715873
2050.906055384684350
2051.718388196256456
2052.407790192401080
2054.059916898485881
2055.180267326166813
2055.572602899048889
2056.620866689893774
2058.450651118906080
2059.448021743771278
2060.868247208108187
2061.367059202031669
2062.572650919978514
2063.283559498380782
2064.304867699634087
2065.832672281911528
2066.985229377985434
2068.345638527370284
2068.669941082812784
2070.504717593446003
2071.377083169758407
2071.990454814760596
2073.397603715768582
2074.171064902152466
2075.028065544832316
2077.117570136877021
2078.155484639214137
2078.939288114876945
2079.567628461893037
2080.910343457561339
2081.799686563577325
2083.300276858828056
2083.779992550167208
2085.389813692285770
2086.580318534381604
2087.473340987858137
2088.712281198732398
2090.036206757016771
2090.447550027415673
2091.221580661131156
2092.473218110071684
2094.335917468632033
2095.138256660294701
2096.346529979252409
2097.371606357192832
2097.951922199887122
2099.311651265061300
2100.593745236861196
2101.135489459108612
2102.535100215297916
2103.390454808713912
2105.372206591800023
2105.994704339286272
2107.172362432443151
2107.617911407514384
2108.938384889015197
2109.963143181267696
2110.822371848131752
2112.907087523190967
2113.483966448430692
2114.396137325889867
2115.506602794684113
2116.900056068394861
2117.722399441362995
2118.618646217029436
2119.456428468939066
2120.691562591844104
2122.465151174928451
2123.344042303462629
2124.370368737568697
2125.512400029152104
2125.958784840373482
2126.975711192557810
2128.752290554262800
2129.406080228328392
2130.555102283236010
2132.080620992942841
2132.798516467883928
2134.154933985038042
2134.950772504315864
2136.086897524703090
2136.967470548471738
2137.509940525911134
2139.380759985201166
2140.949362639097217
2141.710035960390087
2142.355043196035240
2143.374444180537921
2144.895337431360531
2145.505753734180871
2146.625894475511359
2147.785367345630675
2149.151849382889395
2149.910639858102058
2151.776885116465110
2152.390226596919547
2153.011964165386416
2154.263623952320359
2154.935345848225552
2156.394727255681573
2157.856489565353058
2158.878072291083299
2159.902286017170354
2160.853062328184023
2161.692172189209487
2163.107122285732203
2164.049720356357284
2165.011437174314324
2165.503949023375753
2167.693444254746737
2168.890615851853909
2169.263829283364885
2170.787074973015933
2171.396361926494592
2172.250962827516105
2173.528296969316671
2174.745020803476564
2176.204119466215616
2176.939451698977336
2178.004209154761156
2179.232185029747143
2180.495318259278974
2181.252367010681610
2181.725783029819468
2183.330584017279762
2184.103190760680718
2185.965528320683006
2187.085690959372641
2187.798455877828019
2188.558763203088347
2189.497072902605396
2191.093363045749356
2191.778017400507906
2192.826770539861172
2194.231530050449692
2195.231687681255607
2196.715977666758590
2197.258747040205890
2198.687512684367448
2199.302965320969633
2200.351020913263255
2200.915953025551971
2203.277453730645902
2203.906364583773666
2204.997801754830107
2205.855761245543817
2207.172161914952085
2207.802741336736744
2209.153744400263349
2210.208014989250387
2210.850941099296051
2212.343568400036474
2213.700256248436290
2214.949925632092345
2215.820565690645708
2216.296375887645354
2217.469375116225365
2218.521006913395468
2219.799815698361272
2220.852158848914314
2222.636604588097271
2223.055057918810235
2223.777772507214650
2225.564645117169221
2226.332734405575593
2227.246229376595238
2227.970573882256303
2229.127958910123198
2230.898690856217399
2231.977154074073496
2232.924853868966238
2233.720222250312872
2234.814934531326799
2235.546662135599945
2236.773643845099741
2238.154799519297740
2239.167743960236749
2240.021209470471149
2241.536186523766446
2242.621180159379492
2243.373668418962097
2244.370701700430345
2245.565286531271340
2246.016558178285777
2247.364431251229234
2249.550198573537273
2249.770766552724126
2251.046641941553389
2251.845318338693232
2252.678432673838870
2254.562246994389625
2254.759079001304144
2255.824565571536823
2257.346384683132783
2258.501847291145623
2259.517842057384314
2260.890259416800291
2261.660064449481069
2262.674430648209636
2262.878305381161226
2264.676399705770109
2265.768446115469487
2267.384501067544079
2267.879175337166089
2269.226998261609424
2269.919103216838266
2271.326282468066438
2272.049015701237749
2273.347534053164509
2273.956289145943174
2275.068664775971229
2277.079317756623368
2278.012628393305476
2278.525942155784378
2279.507305841119432
2280.870719852586262
2281.356483614546505
2282.690375137648061
2284.056011459351339
2285.222242364866361
2286.149814140564104
2287.046158671010744
2288.578849445764718
2289.336284710134350
2290.241458210855853
2291.097663612112228
2291.928901252490505
2293.896145106086806
2294.687918411714236
2296.115091188330553
2296.998522472515106
2297.372647579809382
2298.612363365660258
2299.961577620089884
2301.234125798830974
2301.454840351728308
2303.295481982573165
2304.305138670374618
2305.508356788681795
2306.517733070003487
2307.355553370477992
2308.210284634764776
2309.370358239529196
2309.931122384183709
2312.047996449610764
2313.190914170747874
2313.689359967223936
2314.621182113594386
2316.049454719988717
2316.962494504840834
2317.851531864277149
2318.826035336430323
2320.088523204027297
2320.949531628659770
2322.812632606693114
2323.534274240766081
2324.512455232258162
2325.557096491765606
2325.903015927513025
2327.376855819699358
2328.634875101168745
2329.705723406449579
2331.013110289572978
2331.942707806402723
2332.987765432775177
2333.720863373782322
2335.531712574450921
2335.867153805649650
2336.621036786238619
2337.761730158820683
2339.615683895982784
2340.826726706644422
2341.324596186215331
2342.654041658469396
2343.259158955008843
2344.311216236151722
2345.570483634473931
2346.464119529787695
2347.934254641723783
2348.843423633455586
2349.730054257837764
2351.455046927851072
2352.195701502536394
2352.750870075454714
2353.912135852353003
2354.951081235008132
2355.810813978290753
2357.608315920247605
2358.904705198415741
2359.434859076439807
2360.314285089526493
2361.342541641932712
2362.718317922921415
2363.495617654118632
2364.751176089117052
2365.191515064132091
2367.249219842959519
2367.957701823155730
2369.220577767398936
2370.093390284232100
2371.100747929721820
2371.938137794610157
2372.440347260055660
2374.444230717816481
2375.543967037372113
2376.355463515560132
2377.755407914012721
2378.212961679661930
2379.726502949965834
2380.545657218736324
2381.500123710437492
2382.530830566366603
2383.356013915980839
2384.965071641182476
2386.430937109503702
2387.299084122336353
2387.813568556077826
2388.748207635493145
2389.955988113666081
2391.260549872403317
2391.754982336622561
2393.630593291699824
2394.485367856046651
2395.270169994646949
2396.603878762616205
2397.791643761773685
2398.558311382532793
2399.433832905785493
2400.152356522131413
2401.482998375771786
2403.418798445345146
2403.975315148967638
2404.921593489770203
2406.253988718289293
2406.732851182109698
2407.715910422270099
2409.441502352419320
2409.881602682879475
2411.126193380777295
2412.222935837284240
2413.976123194983302
2414.379879801270363
2415.576893465994090
2416.534054627703881
2417.278087421772398
2418.229443267357510
2419.507917163071397
2421.142943993328117
2422.152084925109648
2422.996230123486839
2423.504146888716150
2425.124760212556794
2426.193437541668118
2426.907064293753592
2427.640896948592854
2429.185595990256843
2430.265812635944258
2431.611135096253747
2432.727569299254810
2433.705896804704025
2433.916873237684285
2435.348894364694388
2436.191600375091184
2437.794076107826186
2438.671790794044227
2439.927127218672467
2440.826160290635471
2441.929836549998527
2443.033560058185230
2443.775436396199893
2445.154381015220224
2445.744952101154922
2446.398523306110292
2448.988312286035125
2449.231032009292448
2450.503650580108115
2451.181708310084559
2452.283365741213856
2453.257485812084269
2454.300561841790113
2455.482288383525884
2456.514551841288721
2457.907999090218709
2458.546799837128219
2460.013579465506155
2461.202295374506321
2461.731628648041351
2462.464294913853792
2463.569667295016188
2464.927816361223449
2466.183097013192764
2467.640860783778862
2468.186816301115414
2469.336263892497300
2469.781485031523971
2471.539297741996506
2472.336417589482153
2473.107124734644913
2474.237849734393876
2475.539353861002837
2477.021755096104698
2478.014854024809210
2478.397597583124934
2479.977351980870935
2480.433606985091956
2481.356767280358781
2482.683411518716184
2484.503238274744490
2485.087590537420056
2485.785620712392756
2487.333836442725897
2488.113831754193143
2489.261157451637246
2490.051090515746637
2491.105516421820539
2491.907473934292739
2493.489295449123347
2494.866177828255331
2495.846840419501859
2496.485336702823133
2497.648465246601972
2497.969973966752150
2499.862042821255272
2500.564386412317617
2501.577744672433710
2503.185227212086829
2504.008933658583828
2504.772152511211971
2506.305351937307478
2507.151885647675499
2507.871039579743410
2508.766046103826739
2509.652997441379284
2511.660189787186482
2512.538220985202770
2513.579517021464653
2514.259859059773589
2515.286482924712800
